From    to   Length  Diameter  Velocity
33 	 7 	 750.0 	 0.125 	 0.72
33 	 6 	 750.0 	 0.125 	 0.72
33 	 5 	 750.0 	 0.125 	 0.72
33 	 21 	 750.0 	 0.125 	 0.72
33 	 19 	 750.0 	 0.125 	 0.72
34 	 20 	 1000.0 	 0.125 	 0.72
34 	 4 	 1000.0 	 0.125 	 0.72
34 	 18 	 1000.0 	 0.125 	 0.72
17 	 22 	 750.0 	 0.125 	 0.72
17 	 23 	 750.0 	 0.125 	 0.72
17 	 3 	 750.0 	 0.125 	 0.72
35 	 2 	 750.0 	 0.125 	 0.72
37 	 13 	 750.0 	 0.125 	 0.72
37 	 12 	 750.0 	 0.125 	 0.72
37 	 14 	 750.0 	 0.125 	 0.72
38 	 11 	 750.0 	 0.125 	 0.72
38 	 15 	 750.0 	 0.125 	 0.72
38 	 16 	 750.0 	 0.125 	 0.72
34 	 33 	 2500.0 	 0.25 	 0.8999999999999999
17 	 34 	 2500.0 	 0.25 	 1.44
17 	 35 	 3437.5 	 0.25 	 0.63
37 	 38 	 2500.0 	 0.25 	 0.5399999999999999
35 	 37 	 3750.0 	 0.25 	 1.0799999999999998
36 	 1 	 750.0 	 0.125 	 0.72
36 	 35 	 4500.0 	 0.25 	 0.63
0 	 36 	 4500.0 	 0.25 	 0.8099999999999999
39 	 9 	 500.0 	 0.125 	 0.432
39 	 10 	 500.0 	 0.125 	 0.432
40 	 8 	 500.0 	 0.125 	 0.432
40 	 39 	 500.0 	 0.125 	 0.864
0 	 40 	 1800.0 	 0.125 	 1.296
44 	 31 	 750.0 	 0.125 	 0.432
44 	 32 	 750.0 	 0.125 	 0.432
43 	 44 	 2000.0 	 0.125 	 0.864
43 	 30 	 750.0 	 0.125 	 0.432
43 	 27 	 750.0 	 0.125 	 0.432
42 	 43 	 2000.0 	 0.25 	 0.432
42 	 29 	 750.0 	 0.125 	 0.432
42 	 26 	 750.0 	 0.125 	 0.432
41 	 42 	 2000.0 	 0.25 	 0.648
41 	 28 	 750.0 	 0.125 	 0.432
41 	 25 	 750.0 	 0.125 	 0.432
0 	 41 	 2000.0 	 0.25 	 0.864
From    to   R    X
0 	 1 	 0.00017257773485171793 	 8.797346570532258e-05
1 	 2 	 0.0009227855019728518 	 0.00047000291997035106
2 	 3 	 0.0006850699669818737 	 0.0003488990214355772
3 	 4 	 0.0007133337825595412 	 0.00036331169560432154
4 	 5 	 0.0015329844343118977 	 0.00132334553731198
5 	 6 	 0.0003503964421284338 	 0.001158254905924545
6 	 7 	 0.0013315813511226911 	 0.00044005450611321996
7 	 8 	 0.001927929142052814 	 0.001385114140892313
8 	 9 	 0.0019541340041778037 	 0.001385114140892313
9 	 10 	 0.00036799113526949826 	 0.00012166543129459506
10 	 11 	 0.0007007928842568676 	 0.00023172585221955183
11 	 12 	 0.0027477669713917774 	 0.0021619011253116507
12 	 13 	 0.0010137538090638873 	 0.0013343890149217971
13 	 14 	 0.0011062195368477796 	 0.0009845541055531846
14 	 15 	 0.0013969063288485583 	 0.0010201178470085278
15 	 16 	 0.0024127190913651236 	 0.0032213262655076628
16 	 17 	 0.0006963006221782979 	 0.001074399347124578
1 	 18 	 0.0003069712420355937 	 0.00029293292304006347
18 	 19 	 0.0028155252577435367 	 0.0025370050088722174
19 	 20 	 0.0007664922171559488 	 0.0008954575743282195
20 	 21 	 0.0013269019114575144 	 0.0017544155192680607
2 	 22 	 0.0008445452707710967 	 0.0005770684995095947
22 	 23 	 0.0016808547277314824 	 0.0013272762666307284
23 	 24 	 0.001677111175999341 	 0.001312302059702163
5 	 25 	 0.0003799705008123508 	 0.00019354162455170967
25 	 26 	 0.000531958701137291 	 0.0002708459678204293
26 	 27 	 0.001982210642168864 	 0.0017476771261502062
27 	 28 	 0.0015052821514940516 	 0.0013113661717691278
28 	 29 	 0.0009499262520308767 	 0.00048385406137927415
29 	 30 	 0.0018238584038992836 	 0.0018025201590260776
30 	 31 	 0.0005811864064149502 	 0.0006773956859309839
31 	 32 	 0.0006382755703301064 	 0.0010036462193871057
CHP#  LB   UB   H-P-ratio
0 	 1.2 	 4.8 	 2
1 	 0.04000000000000001 	 0.2 	 1
2 	 0 	 0 	 0
3 	 0.048 	 0.24 	 1
4 	 0 	 0 	 0
5 	 0 	 0 	 0
6 	 0.08000000000000002 	 0.4 	 1
7 	 0.08000000000000002 	 0.4 	 1
8 	 0 	 0 	 0
9 	 0 	 0 	 0
10 	 0 	 0 	 0
11 	 0 	 0 	 0
12 	 0 	 0 	 0
13 	 0.048 	 0.24 	 1
14 	 0 	 0 	 0
15 	 0 	 0 	 0
16 	 0 	 0 	 0
17 	 1.2 	 4.8 	 2.2
18 	 0 	 0 	 0
19 	 0 	 0 	 0
20 	 0 	 0 	 0
21 	 0 	 0 	 0
22 	 0 	 0 	 0
23 	 0.168 	 0.84 	 1
24 	 0.168 	 0.84 	 1
25 	 0 	 0 	 0
26 	 0 	 0 	 0
27 	 0 	 0 	 0
28 	 0.048 	 0.24 	 1
29 	 0.08000000000000002 	 0.4 	 1
30 	 0.06 	 0.3 	 1
31 	 0.084 	 0.42 	 1
32 	 0 	 0 	 0
33 	 0 	 0 	 0
34 	 0 	 0 	 0
35 	 0 	 0 	 0
36 	 0 	 0 	 0
37 	 0 	 0 	 0
38 	 0 	 0 	 0
39 	 0 	 0 	 0
40 	 0 	 0 	 0
41 	 0 	 0 	 0
42 	 0 	 0 	 0
43 	 0 	 0 	 0
44 	 0 	 0 	 0
HP#  UB   COP
0 	 0 	 0
1 	 0.09794431353507253 	 2
2 	 0.09794431353507253 	 2
3 	 0.09794431353507253 	 2
4 	 0.09794431353507253 	 2
5 	 0.09794431353507253 	 2
6 	 0.09794431353507253 	 2
7 	 0.09794431353507253 	 2
8 	 0.05876658809709985 	 2
9 	 0.05876658809709985 	 2
10 	 0.05876658809709985 	 2
11 	 0.09794431353507253 	 2
12 	 0.09794431353507253 	 2
13 	 0.09794431353507253 	 2
14 	 0.09794431353507253 	 2
15 	 0.09794431353507253 	 2
16 	 0.09794431353507253 	 2
17 	 0 	 0
18 	 0.09794431353507253 	 2
19 	 0.09794431353507253 	 2
20 	 0.09794431353507253 	 2
21 	 0.09794431353507253 	 2
22 	 0.09794431353507253 	 2
23 	 0.09794431353507253 	 2
24 	 0 	 0
25 	 0.05876658809709985 	 2
26 	 0.05876658809709985 	 2
27 	 0.05876658809709985 	 2
28 	 0.05876658809709985 	 2
29 	 0.05876658809709985 	 2
30 	 0.05876658809709985 	 2
31 	 0.05876658809709985 	 2
32 	 0.05876658809709985 	 2
33 	 0 	 0
34 	 0 	 0
35 	 0 	 0
36 	 0 	 0
37 	 0 	 0
38 	 0 	 0
39 	 0 	 0
40 	 0 	 0
41 	 0 	 0
42 	 0 	 0
43 	 0 	 0
44 	 0 	 0
HES#  KA_HES
0 	 100000.0
1 	 100000.0
2 	 100000.0
3 	 100000.0
4 	 100000.0
5 	 100000.0
6 	 100000.0
7 	 100000.0
8 	 100000.0
9 	 100000.0
10 	 100000.0
11 	 100000.0
12 	 100000.0
13 	 100000.0
14 	 100000.0
15 	 100000.0
16 	 100000.0
17 	 100000.0
18 	 100000.0
19 	 100000.0
20 	 100000.0
21 	 100000.0
22 	 100000.0
23 	 100000.0
24 	 100000.0
25 	 100000.0
26 	 100000.0
27 	 100000.0
28 	 100000.0
29 	 100000.0
30 	 100000.0
31 	 100000.0
32 	 100000.0
33 	 100000.0
34 	 100000.0
35 	 100000.0
36 	 100000.0
37 	 100000.0
38 	 100000.0
39 	 100000.0
40 	 100000.0
41 	 100000.0
42 	 100000.0
43 	 100000.0
44 	 100000.0
Radiator#  KA_Rad
0 	 100000.0
1 	 100000.0
2 	 100000.0
3 	 100000.0
4 	 100000.0
5 	 100000.0
6 	 100000.0
7 	 100000.0
8 	 100000.0
9 	 100000.0
10 	 100000.0
11 	 100000.0
12 	 100000.0
13 	 100000.0
14 	 100000.0
15 	 100000.0
16 	 100000.0
17 	 100000.0
18 	 100000.0
19 	 100000.0
20 	 100000.0
21 	 100000.0
22 	 100000.0
23 	 100000.0
24 	 100000.0
25 	 100000.0
26 	 100000.0
27 	 100000.0
28 	 100000.0
29 	 100000.0
30 	 100000.0
31 	 100000.0
32 	 100000.0
33 	 100000.0
34 	 100000.0
35 	 100000.0
36 	 100000.0
37 	 100000.0
38 	 100000.0
39 	 100000.0
40 	 100000.0
41 	 100000.0
42 	 100000.0
43 	 100000.0
44 	 100000.0
HES#  Flow_rate_l      Flow_rate_PHN_side       Flow_rate_u
0 	 49.038297827399994 	 98.07659565479999 	 147.11489348219996
1 	 4.4178646698 	 8.8357293396 	 13.253594009399999
2 	 4.4178646698 	 8.8357293396 	 13.253594009399999
3 	 4.4178646698 	 8.8357293396 	 13.253594009399999
4 	 4.4178646698 	 8.8357293396 	 13.253594009399999
5 	 4.4178646698 	 8.8357293396 	 13.253594009399999
6 	 4.4178646698 	 8.8357293396 	 13.253594009399999
7 	 4.4178646698 	 8.8357293396 	 13.253594009399999
8 	 2.6507188008 	 5.3014376016 	 7.952156402399999
9 	 2.6507188008 	 5.3014376016 	 7.952156402399999
10 	 2.6507188008 	 5.3014376016 	 7.952156402399999
11 	 4.4178646698 	 8.8357293396 	 13.253594009399999
12 	 4.4178646698 	 8.8357293396 	 13.253594009399999
13 	 4.4178646698 	 8.8357293396 	 13.253594009399999
14 	 4.4178646698 	 8.8357293396 	 13.253594009399999
15 	 4.4178646698 	 8.8357293396 	 13.253594009399999
16 	 4.4178646698 	 8.8357293396 	 13.253594009399999
17 	 64.05904312019999 	 128.11808624039998 	 192.17712936059996
18 	 4.4178646698 	 8.8357293396 	 13.253594009399999
19 	 4.4178646698 	 8.8357293396 	 13.253594009399999
20 	 4.4178646698 	 8.8357293396 	 13.253594009399999
21 	 4.4178646698 	 8.8357293396 	 13.253594009399999
22 	 4.4178646698 	 8.8357293396 	 13.253594009399999
23 	 4.4178646698 	 8.8357293396 	 13.253594009399999
24 	 0.0 	 0.0 	 0.0
25 	 2.6507188008 	 5.3014376016 	 7.952156402399999
26 	 2.6507188008 	 5.3014376016 	 7.952156402399999
27 	 2.6507188008 	 5.3014376016 	 7.952156402399999
28 	 2.6507188008 	 5.3014376016 	 7.952156402399999
29 	 2.6507188008 	 5.3014376016 	 7.952156402399999
30 	 2.6507188008 	 5.3014376016 	 7.952156402399999
31 	 2.6507188008 	 5.3014376016 	 7.952156402399999
32 	 2.6507188008 	 5.3014376016 	 7.952156402399999
33 	 0.0 	 0.0 	 0.0
34 	 0.0 	 0.0 	 0.0
35 	 0.0 	 0.0 	 0.0
36 	 0.0 	 0.0 	 0.0
37 	 0.0 	 0.0 	 0.0
38 	 0.0 	 0.0 	 0.0
39 	 0.0 	 0.0 	 0.0
40 	 0.0 	 0.0 	 0.0
41 	 0.0 	 0.0 	 0.0
42 	 0.0 	 0.0 	 0.0
43 	 0.0 	 0.0 	 0.0
44 	 0.0 	 0.0 	 0.0
HES#  Total_Flow_rate_SHN_side
0 	 0
1 	 0
2 	 0
3 	 0
4 	 0
5 	 0
6 	 0
7 	 0
8 	 0
9 	 0
10 	 0
11 	 0
12 	 0
13 	 0
14 	 0
15 	 0
16 	 0
17 	 0
18 	 0
19 	 0
20 	 0
21 	 0
22 	 0
23 	 0
24 	 0
25 	 0
26 	 0
27 	 0
28 	 0
29 	 0
30 	 0
31 	 0
32 	 0
33 	 0
34 	 0
35 	 0
36 	 0
37 	 0
38 	 0
39 	 0
40 	 0
41 	 0
42 	 0
43 	 0
44 	 0
